0,10
39,11
47,11
51,10
57,10
62,10
66,10
70,10
72,10
75,10
78,11
82,11
85,11
88,11
91,11
94,10
98,10
104,10
110,10
115,10
121,10
124,10
127,10
129,10
132,10
134,10
138,10
142,10
144,10
146,10
148,10
150,10
156,10
162,10
165,10
167,11
170,11
172,11
174,10
175,10
177,10
179,10
183,10
185,10
191,10
195,11
197,11
201,11
203,11
205,11
209,11
211,11
214,11
217,11
220,11
221,11
224,11
226,11
228,11
232,11
237,11
240,11
244,11
246,11
249,12
250,11
251,12
253,12
256,14
257,13
259,12
260,12
261,12
263,11
264,11
266,11
272,11
274,11
278,12
281,12
284,12
285,11
286,11
288,12
290,12
291,12
292,13
293,13
295,12
296,11
297,11
298,9
299,9
300,9
302,9
307,9
310,9
313,9
314,9
319,11
322,11
323,11
326,11
328,10
329,10
331,10
332,10
334,10
336,10
337,11
338,11
342,11
347,13
349,13
351,12
352,12
353,12
357,13
359,14
361,14
366,14
367,14
369,14
371,14
372,13
373,13
374,13
375,13
381,14
382,14
383,15
384,15
386,15
387,14
388,14
391,15
393,15
394,14
395,14
396,14
397,13
398,13
401,13
402,13
403,13
404,14
407,13
408,13
409,13
410,14
411,14
414,14
416,14
417,14
419,15
421,15
423,14
424,14
425,14
427,15
428,15
431,15
432,15
436,16
438,17
439,18
442,18
444,17
445,17
451,18
452,17
453,17
454,17
456,18
457,18
458,18
459,18
461,18
462,18
463,18
466,22
467,22
468,21
471,23
472,23
473,23
474,23
475,23
476,23
477,23
478,23
479,23
481,23
482,23
483,23
484,24
486,24
487,24
488,24
490,24
491,24
492,23
493,24
494,24
496,24
497,25
498,24
499,25
500,26
501,26
502,26
503,26
504,26
505,27
506,28
507,27
508,27
509,27
510,26
511,25
513,25
514,26
515,26
516,26
517,26
518,26
520,26
521,25
522,25
523,24
524,24
525,24
526,24
527,24
528,24
529,24
530,25
531,26
532,26
533,26
535,26
536,26
537,26
538,27
539,27
540,27
541,27
542,27
543,27
545,27
546,27
547,27
548,28
549,27
551,27
552,27
553,27
554,27
556,27
558,27
559,27
560,27
561,27
563,27
565,27
566,27
567,27
569,27
570,28
571,28
572,28
573,27
574,27
575,27
577,27
578,27
579,28
580,28
581,28
582,27
584,27
585,27
586,28
587,28
588,29
589,29
590,29
592,29
593,28
594,28
595,28
596,27
597,27
598,27
599,27
600,28
602,29
603,30
604,27
605,27
606,26
608,26
609,26
610,25
611,25
612,25
613,26
614,25
615,25
616,25
617,27
619,27
620,27
621,28
622,26
623,25
624,25
626,25
627,25
628,25
629,25
631,25
632,25
633,25
634,25
636,25
637,24
638,24
639,24
640,24
642,25
643,25
644,25
645,26
646,26
647,26
649,27
650,27
652,27
653,27
654,27
655,27
656,27
657,27
658,27
659,27
661,28
662,28
663,27
664,27
665,27
666,27
667,27
668,28
670,28
671,28
672,28
673,28
674,28
675,28
677,28
679,30
680,29
681,30
682,30
683,28
684,28
685,28
687,28
688,28
689,28
690,28
691,28
692,28
693,28
694,28
696,28
697,28
698,28
699,28
700,28
701,28
703,28
704,28
705,28
706,28
707,28
709,28
710,28
711,28
712,28
713,28
714,28
715,28
716,28
718,28
719,28
720,28
721,28
722,28
723,28
724,28
726,28
727,28
728,28
729,28
730,28
731,28
732,29
734,30
735,30
736,31
737,31
738,31
739,32
741,33
742,33
743,33
744,33
745,32
747,32
748,32
749,32
750,32
751,32
752,32
753,32
755,32
756,32
757,32
758,32
759,32
760,32
761,32
762,32
764,32
765,32
766,32
767,32
768,32
769,32
771,32
772,32
773,32
774,32
775,32
776,32
778,32
779,32
780,32
781,32
782,32
783,32
784,32
785,32
787,32
788,32
789,32
790,32
791,32
792,32
793,32
795,32
796,32
797,32
798,32
799,32
800,32
801,32
802,32
804,32
805,32
806,32
807,32
808,32
809,32
810,32
812,32
813,32
814,32
815,32
816,32
817,32
819,32
820,32
821,32
822,32
823,32
824,32
825,32
826,32
828,32
829,32
830,32
831,32
832,32
833,31
834,31
836,31
837,31
838,31
839,31
840,31
841,31
843,31
844,31
845,31
846,31
847,31
848,31
850,31
851,31
852,31
853,31
854,31
855,31
856,31
858,31
859,31
860,32
861,32
862,32
864,32
865,32
866,32
867,31
868,31
869,31
870,31
871,31
873,31
874,31
875,31
876,31
877,31
879,31
880,32
881,32
882,32
883,32
885,32
886,32
887,32
888,32
889,32
890,32
892,32
893,32
894,32
895,32
896,32
898,32
899,32
900,32
901,32
902,32
903,32
905,32
906,32
907,32
908,32
909,32
911,32
912,32
913,32
914,32
915,32
917,32
918,32
919,32
920,32
921,32
923,32
924,32
925,32
926,32
927,32
929,32
930,32
931,32
932,32
933,32
934,32
936,32
937,32
938,32
939,32
940,32
941,32
943,32
944,32
945,32
946,32
947,32
949,33
950,33
951,33
952,33
953,33
955,33
956,33
957,33
958,33
959,33
961,33
962,34
963,34
964,32
965,32
966,32
968,32
969,32
970,32
971,32
973,32
974,32
975,32
976,32
977,32
979,32
980,32
981,32
982,33
983,33
984,33
986,33
987,33
988,33
989,33
991,33
992,33
993,33
994,34
995,34
996,34
998,34
999,33
1000,34
1001,34
1002,34
1003,34
1005,34
1006,34
1007,34
1008,34
1009,34
1011,34
1012,34
1013,34
1014,34
1015,34
1016,34
1018,34
1019,34
1020,34
1021,34
1023,34
1024,34
1025,34
1026,34
1027,34
1029,34
1030,34
1031,34
1032,34
1033,34
1034,34
1036,34
1037,34
1038,34
1039,34
1041,34
1042,35
1043,36
1044,36
1045,36
1047,36
1048,36
1049,36
1050,36
1052,36
1053,36
1054,36
1055,36
1056,36
1058,36
1059,36
1060,36
1061,36
1062,36
1064,36
1065,36
1066,36
1067,36
1069,36
1070,36
1071,36
1072,36
1073,36
1074,36
1076,36
1077,36
1078,36
1079,36
1080,36
1081,36
1083,36
1084,36
1085,36
1086,36
1087,36
1089,36
1090,36
1091,36
1092,36
1093,36
1094,36
1096,36
1097,36
1098,36
1099,36
1100,36
1102,36
1103,36
1104,36
1105,36
1106,36
1108,36
1109,36
1110,36
1111,36
1112,36
1113,36
1115,36
1116,36
1117,36
1118,36
1119,36
1120,35
1122,35
1123,35
1124,35
1125,35
1127,35
1128,35
1129,35
1130,35
1131,35
1133,35
1134,35
1135,35
1136,35
1137,35
1139,35
1140,35
1141,35
1142,35
1144,35
1145,35
1146,35
1147,35
1148,35
1149,35
1151,35
1152,35
1153,35
1154,35
1155,35
1156,35
1157,35
1158,35
1160,36
1161,36
1162,36
1163,36
1164,36
1166,36
1167,36
1168,36
1169,36
1171,36
1172,36
1173,36
1174,36
1175,36
1177,36
1178,36
1179,36
1180,36
1181,36
1183,36
1184,36
1185,36
1186,36
1188,36
1189,36
1190,36
1191,36
1192,36
1194,36
1195,36
1196,36
1197,36
1198,36
1200,36
1201,36
1202,36
1203,36
1205,36
1206,36
1207,36
1208,36
1210,36
1211,36
1212,36
1213,36
1214,36
1216,36
1217,36
1218,36
1220,36
1221,36
1222,36
1223,36
1224,36
1226,36
1227,36
1228,36
1229,36
1231,36
1232,36
1233,36
1234,36
1236,36
1237,36
1238,36
1239,36
1240,36
1242,36
1243,36
1244,36
1246,36
1247,36
1248,36
1249,36
1250,36
1252,36
1254,36
1255,36
1257,36
1258,36
1259,36
1260,36
1261,36
1263,36
1264,36
1265,36
1266,36
1268,36
1269,36
1270,36
1271,36
1272,36
1274,36
1275,36
1276,36
1277,37
1279,37
1280,37
1281,37
1282,37
1283,36
1285,36
1286,36
1287,36
1288,36
1289,36
1290,36
1292,36
1293,36
1294,36
1295,36
1297,36
1298,36
1299,36
1300,36
1302,36
1303,36
1304,36
1305,36
1306,36
1308,36
1309,36
1310,36
1311,36
1313,36
1314,36
1315,36
1317,37
1318,38
1319,38
1320,38
1321,38
1323,38
1324,38
1325,38
1326,38
1328,38
1329,38
1330,38
1331,38
1333,38
1334,38
1335,38
1336,38
1337,38
1339,38
1340,38
1341,38
1342,38
1344,38
1345,38
1346,38
1347,38
1348,39
1350,39
1351,39
1352,38
1353,38
1355,38
1356,38
1357,38
1358,38
1360,38
1361,38
1362,38
1363,38
1364,38
1366,38
1367,38
1368,38
1369,38
1371,38
1372,38
1373,38
1374,38
1376,38
1377,38
1378,38
1379,38
1381,38
1382,38
1383,38
1384,38
1385,38
1387,38
1388,38
1389,38
1390,38
1392,38
1393,38
1394,38
1395,38
1397,38
1398,38
1399,38
1400,38
1402,38
1403,38
1404,38
1405,38
1407,38
1408,38
1409,38
1410,38
1412,38
1413,38
1414,38
1415,38
1417,38
1418,38
1419,38
1420,38
1422,38
1423,38
1424,38
1425,38
1427,38
1428,39
1429,39
1430,39
1432,39
1433,39
1434,39
1436,39
1437,40
1438,41
1439,42
1441,42
1442,41
1443,41
1444,41
1446,41
1447,41
1448,41
1449,41
1451,41
1452,41
1453,41
1454,41
1456,41
1457,41
1458,41
1459,41
1461,41
1462,41
1463,41
1464,41
1466,41
1467,41
1468,41
1469,41
1470,40
1472,40
1473,40
1474,40
1475,40
1477,40
1478,40
1479,40
1480,40
1482,40
1483,40
1484,40
1485,40
1487,40
1488,40
1489,40
1490,40
1492,40
1493,40
1494,40
1495,40
1497,40
1498,40
1499,40
1500,41
1502,41
1503,41
1504,41
1505,41
1507,42
1508,42
1509,42
1510,42
1512,42
1513,43
1514,44
1516,44
1517,44
1518,44
1519,44
1521,44
1522,44
1523,44
1525,44
1526,44
1527,44
1528,44
1530,44
1531,44
1533,44
1534,45
1535,45
1537,44
1538,44
1540,44
1541,44
1542,44
1543,44
1545,44
1546,44
1547,44
1549,44
1550,44
1551,42
1552,42
1554,42
1555,42
1556,42
1557,42
1558,42
1560,42
1561,42
1562,42
1564,42
1565,42
1566,42
1567,42
1569,42
1570,42
1571,42
1573,42
1574,42
1575,42
1576,42
1578,42
1579,42
1580,42
1582,42
1583,43
1584,44
1585,45
1587,47
1588,48
1589,49
1591,51
1592,52
1593,54
1594,56
1596,56
1597,57
1598,61
1600,62
1601,63
1602,66
1603,67
1605,70
1606,71
1608,75
1609,76
1610,77
1611,80
1613,82
1614,86
1616,86
1617,86
1618,87
1619,86
1621,86
1622,86
1623,86
1624,86
1626,86
1627,86
1628,86
1630,86
1631,86
1632,86
1633,86
1635,86
1636,86
1637,86
1639,86
1640,86
1641,86
1642,86
1644,86
1645,86
1646,86
1648,86
1649,86
1650,86
1652,86
1653,86
1654,86
1656,86
1657,86
1658,86
1659,86
1661,86
1662,86
1663,86
1665,86
1666,86
1667,86
1668,86
1670,86
1671,86
1672,86
1674,86
1675,86
1676,86
1678,86
1679,85
1681,85
1682,84
1683,84
1685,84
1686,84
1687,84
1689,84
1690,84
1692,84
1693,84
1694,84
1695,84
1697,84
1698,84
1699,84
1701,84
1702,84
1704,84
1705,84
1706,84
1708,84
1709,84
1710,84
1712,84
1714,84
1716,84
1717,84
1718,84
1720,84
1721,84
1722,84
1723,84
1725,84
1726,84
1728,84
1729,84
1730,84
1731,84
1733,85
1734,84
1735,84
1737,84
1738,84
1739,84
1741,84
1742,84
1743,84
1744,84
1746,84
1747,84
1749,84
1750,84
1751,84
1753,84
1754,84
1755,84
1757,84
1758,84
1759,84
1761,84
1762,84
1763,84
1765,84
1766,84
1767,84
1769,84
1770,84
1771,84
1773,84
1774,84
1775,84
1777,84
1778,84
1779,84
1781,84
1782,84
1783,84
1784,84
1786,84
1787,84
1788,84
1790,84
1791,84
1792,84
1793,84
1794,84
1796,84
1797,84
1798,84
1800,84
1801,84
1802,84
1804,84
1805,84
1806,84
1807,84
1809,84
1810,84
1812,83
1813,83
1814,83
1815,83
1817,83
1818,83
1819,83
1820,83
1822,83
1823,83
1824,83
1826,83
1827,83
1829,83
1830,83
1831,83
1832,83
1834,83
1835,83
1836,83
1838,83
1839,83
1840,83
1842,83
1843,83
1844,83
1845,83
1847,83
1848,83
1849,83
1851,83
1852,83
1853,83
1854,83
1856,83
1857,83
1858,83
1859,83
1861,83
1862,83
1863,83
1865,83
1866,83
1867,83
1868,83
1870,83
1871,83
1872,83
1874,83
1875,83
1876,83
1877,83
1879,83
1880,83
1882,83
1883,83
1884,83
1885,83
1887,83
1888,83
1890,83
1891,83
1892,83
1894,83
1895,83
1896,83
1897,83
1899,83
1900,83
1901,83
1902,83
1904,83
1905,83
1907,83
1908,83
1909,83
1910,83
1912,83
1913,83
1914,83
1916,83
1917,83
1918,83
1919,83
1921,83
1922,83
1923,83
1925,83
1926,83
1927,83
1929,83
1930,83
1931,84
1933,84
1934,83
1935,83
1937,83
1938,83
1939,83
1941,83
1942,83
1943,83
1945,83
1946,83
1947,83
1948,83
1950,83
1951,83
1952,83
1954,83
1955,83
1956,83
1958,83
1959,83
1961,83
1962,83
1963,83
1964,83
1966,83
1967,83
1968,83
1970,83
1971,83
1972,83
1974,83
1975,83
1976,83
1978,83
1979,83
1980,83
1982,83
1983,83
1984,83
1985,83
1987,82
1988,82
1989,82
1991,82
1992,82
1993,82
1995,82
1996,82
1997,82
1999,82
2001,82
2002,82
2003,80
2005,80
2006,80
2008,80
2009,80
2010,80
2012,80
2013,80
2014,80
2016,80
2017,80
2018,80
2020,80
2021,80
2022,80
2024,80
2025,80
2026,80
2028,80
2029,80
2031,80
2032,80
2033,80
2035,80
2036,80
2037,80
2039,81
2040,81
2041,81
2043,81
2044,81
2045,81
2047,81
2048,81
2049,81
2051,81
2052,81
2053,81
2055,81
2056,82
2057,81
2059,81
2060,81
2061,81
2063,81
2064,81
2065,81
2067,81
2068,81
2069,81
2071,81
2072,81
2073,81
2075,81
2076,81
2077,81
2079,81
2080,81
2082,81
2083,81
2084,81
2086,81
2087,81
2088,81
2090,81
2091,81
2093,81
2094,81
2095,81
2097,81
2098,81
2100,81
2101,81
2102,82
2104,82
2105,82
2106,82
2108,82
2109,82
2110,82
2112,82
2113,82
2114,82
2115,82
2117,82
2118,82
2119,83
2120,83
2122,83
2123,83
2124,83
2126,83
2127,83
2128,83
2129,83
2130,83
2132,83
2133,83
2134,83
2136,84
2137,84
2138,83
2139,83
2141,83
2142,83
2143,83
2145,83
2146,83
2147,83
2149,83
2150,83
2151,83
2152,83
2154,83
2155,83
2156,83
2158,84
2159,84
2160,84
2161,84
2163,84
2164,84
2165,82
2167,82
2168,82
2169,82
2171,82
2172,82
2173,82
2175,82
2176,82
2177,82
2179,82
2180,82
2181,82
2182,81
2184,81
2185,81
2186,81
2188,81
2189,81
2190,81
2192,81
2193,81
2194,81
2196,81
2197,81
2199,81
2200,81
2201,81
2203,81
2204,81
2205,81
2207,81
2208,81
2209,81
2211,81
2212,81
2213,81
2215,81
2216,81
2218,81
2219,81
2220,81
2222,81
2223,81
2224,81
2226,81
2227,81
2228,81
2230,81
2231,81
2233,82
2234,82
2235,82
2236,82
2238,82
2239,82
2241,82
2242,82
2243,82
2244,82
2246,82
2247,82
2248,82
2250,82
2251,82
2252,82
2254,82
2255,82
2256,82
2258,82
2259,82
2260,82
2261,82
2263,82
2264,82
2265,82
2267,82
2268,82
2269,82
2271,82
2272,82
2273,82
2275,82
2276,82
2277,82
2279,82
2280,82
2281,82
2283,82
2284,82
2285,82
2287,82
2288,82
2289,82
2291,82
2292,82
2293,82
2295,82
2296,82
2297,82
2299,82
2300,82
2301,82
2303,82
2304,82
2305,82
2306,82
2308,82
2309,82
2310,82
2312,82
2313,82
2314,82
2316,83
2317,83
2318,83
2320,83
2321,83
2322,83
2324,83
2325,83
2326,83
2327,83
2329,83
2330,83
2331,83
2333,83
2334,83
2335,83
2337,83
2338,83
2340,83
2341,83
2342,83
2344,83
2345,83
2346,83
2348,83
2349,83
2350,83
2352,83
2353,83
2354,83
2356,83
2357,83
2358,83
2360,83
2361,83
2363,83
2364,83
2365,83
2367,83
2368,83
2369,83
2371,83
2372,83
2373,83
2375,83
2376,84
2377,83
2379,83
2380,83
2382,83
2383,83
2384,83
2386,83
2387,83
2388,83
2390,83
2391,83
2392,83
2394,83
2395,83
2396,83
2398,83
2399,83
2400,83
2402,83
2403,83
2404,83
2406,83
2407,83
2408,83
2410,83
2411,83
2412,83
2414,83
2415,83
2417,83
2418,83
2419,83
2421,83
2422,83
2424,83
2425,83
2427,83
2428,83
2429,83
2431,83
2432,83
2433,83
2435,83
2436,83
2437,83
2439,83
2440,83
2441,83
2443,83
2444,83
2446,83
2447,83
2448,83
2450,83
2451,83
2453,83
2454,83
2455,82
2457,82
2458,82
2459,82
2461,82
2463,82
2464,82
2465,82
2467,82
2468,82
2470,82
2471,80
2472,80
2474,80
2475,80
2477,80
2478,80
2479,80
2481,80
2482,80
2484,80
2485,80
2486,80
2488,80
2489,80
2490,80
2493,80
2495,80
2497,80
2498,79
2499,79
2501,80
2503,80
2505,80
2507,80
2509,80
2511,80
2514,80
2516,80
2517,80
2519,80
2520,80
2522,80
2523,80
2524,80
2526,80
2527,80
2528,80
2530,80
2531,80
2532,80
2534,80
2535,80
2536,80
2538,80
2539,80
2541,80
2542,80
2543,80
2545,81
2546,81
2547,81
2549,81
2550,81
2551,81
2553,81
2555,81
2556,81
2557,81
2559,81
2560,81
2562,81
2563,81
2564,81
2566,81
2567,81
2568,81
2570,82
2571,81
2572,81
2574,81
2575,81
2577,81
2578,81
2579,81
2581,81
2582,81
2584,81
2585,81
2586,81
2588,81
2589,81
2590,81
2592,81
2593,81
2595,81
2596,81
2597,81
2599,81
2600,81
2601,81
2603,81
2604,81
2606,81
2607,81
2608,81
2610,81
2611,81
2612,81
2614,81
2615,81
2616,81
2618,81
2619,81
2621,81
2622,81
2623,81
2625,81
2626,81
2627,81
2629,81
2630,81
2631,81
2633,81
2634,81
2635,81
2637,81
2638,81
2641,81
2644,81
2647,80
2649,80
2652,80
2654,80
2656,80
2658,80
2660,80
2662,80
2664,80
2665,80
2667,80
2669,80
2671,80
2673,80
2674,80
2677,80
2679,80
2681,80
2683,80
2686,80
2688,80
2690,79
2693,79
2694,79
2696,79
2698,79
2700,79
2703,79
2705,79
2708,79
2709,79
2710,79
2712,79
2713,79
2714,79
2716,79
2717,79
2718,79
2720,79
2721,79
2723,79
2724,79
2726,79
2727,79
2729,79
2730,79
2732,79
2733,79
2734,79
2736,79
2737,79
2738,79
2740,79
2741,79
2743,79
2744,79
2745,79
2747,79
2748,79
2749,79
2751,79
2752,79
2754,80
2755,80
2756,80
2758,80
2759,80
2761,80
2762,80
2763,80
2765,80
2766,80
2767,80
2769,80
2770,80
2772,80
2773,80
2774,80
2776,80
2777,80
2778,80
2780,80
2781,80
2783,80
2784,80
2785,80
2787,80
2788,80
2790,80
2791,80
2793,80
2794,80
2795,80
2797,80
2798,80
2800,80
2801,80
2802,80
2804,80
2806,80
2807,80
2808,80
2810,80
2811,80
2813,80
2814,80
2815,80
2817,80
2818,80
2820,80
2821,80
2822,80
2824,80
2825,80
2827,80
2828,80
2829,80
2831,79
2832,79
2833,79
2835,79
2836,79
2838,79
2839,79
2840,79
2842,79
2843,79
2845,79
2846,79
2848,79
2849,79
2850,79
2852,79
2853,79
2855,79
2856,79
2858,79
2859,79
2860,79
2862,79
2863,79
2864,79
2866,79
2867,79
2869,79
2870,79
2871,79
2873,79
2874,79
2876,79
2877,79
2878,79
2880,79
2881,79
2883,79
2884,79
2885,79
2887,79
2888,79
2890,79
2891,79
2892,79
2894,79
2895,79
2897,79
2898,79
2899,79
2901,79
2902,79
2904,79
2905,79
2906,79
2908,79
2909,79
2911,79
2912,79
2913,79
2915,79
2916,79
2918,79
2919,79
2920,79
2922,79
2923,79
2925,79
2926,79
2927,79
2929,79
2930,79
2931,79
2933,79
2934,79
2936,79
2937,79
2938,79
2940,79
2941,79
2943,79
2944,79
2945,79
2947,79
2948,79
2950,79
2951,79
2952,79
2954,79
2955,79
2956,79
2958,79
2959,79
2960,79
2962,79
2963,79
2965,79
2966,79
2967,79
2969,79
2970,79
2971,79
2973,79
2975,79
2976,79
2977,79
2979,79
2980,79
2982,79
2983,79
2984,79
2986,79
2987,79
2989,79
2990,79
2991,79
2993,79
2994,79
2996,79
2997,79
2999,79
3000,79
3001,79
3003,79
3004,79
3006,79
3007,79
3009,79
3010,79
3011,79
3013,79
3014,79
3016,79
3017,79
3018,79
3020,79
3021,79
3023,79
3024,79
3025,79
3027,79
3028,79
3030,79
3031,79
3032,79
3034,79
3035,79
3037,79
3038,79
3040,78
3041,78
3042,78
3044,78
3045,78
3047,78
3048,78
3049,78
3051,78
3052,78
3054,78
3055,78
3056,78
3058,78
3059,78
3061,78
3062,78
3063,78
3065,78
3066,78
3068,78
3069,78
3071,78
3072,78
3073,78
3075,78
3076,78
3078,78
3079,78
3080,78
3082,78
3083,78
3085,78
3086,78
3088,78
3089,78
3091,78
3092,78
3094,78
3095,78
3096,78
3098,78
3099,78
3100,78
3102,78
3103,78
3105,78
3106,78
3107,78
3109,78
3110,78
3111,78
3113,78
3114,78
3116,78
3117,78
3118,78
3120,78
3121,78
3123,78
3124,78
3125,78
3127,78
3128,78
3130,78
3131,78
3132,78
3134,78
3135,78
3136,78
3138,78
3139,78
3141,78
3142,78
3144,78
3145,78
3146,78
3148,78
3149,78
3151,78
3152,78
3154,78
3155,78
3156,78
3158,78
3159,78
3161,78
3162,78
3163,78
3165,78
3166,78
3167,78
3169,78
3170,78
3172,78
3173,78
3175,78
3176,78
3177,78
3179,78
3180,78
3182,78
3183,78
3184,78
3186,78
3187,78
3188,78
3190,78
3191,78
3193,78
3194,78
3195,78
3197,78
3198,78
3200,78
3201,78
3202,78
3204,78
3205,77
3207,77
3208,77
3210,77
3211,77
3213,77
3214,77
3216,77
3217,77
3219,77
3220,77
3221,77
3223,77
3224,77
3226,77
3227,77
3228,77
3230,77
3231,77
3233,77
3234,77
3235,77
3237,77
3238,77
3240,77
3241,77
3242,77
3244,77
3245,77
3247,77
3248,77
3249,77
3251,77
3252,77
3254,77
3255,76
3257,76
3258,76
3259,76
3261,76
3262,76
3264,76
3265,76
3266,76
3268,76
3269,76
3271,76
3272,76
3274,76
3275,76
3276,76
3278,76
3279,76
3281,76
3282,76
3284,76
3285,76
3286,76
3288,76
3289,76
3291,76
3292,76
3294,76
3295,76
3296,76
3298,76
3299,76
3301,76
3302,76
3303,76
3305,76
3306,76
3308,76
3309,76
3310,76
3312,76
3313,76
3315,76
3316,76
3318,76
3319,76
3321,76
3322,76
3323,76
3325,76
3326,76
3328,76
3329,76
3331,76
3332,76
3334,76
3335,76
3336,76
3338,76
3339,76
3341,76
3342,76
3344,76
3345,76
3346,76
3348,76
3349,76
3351,76
3352,76
3354,76
3355,76
3357,76
3358,76
3360,76
3361,75
3362,75
3364,75
3365,75
3367,75
3368,75
3370,75
3371,75
3373,75
3374,75
3376,75
3377,75
3378,75
3380,75
3381,75
3383,75
3384,75
3386,75
3387,75
3388,75
3390,75
3391,75
3393,75
3394,75
3395,75
3397,75
3398,75
3400,75
3401,75
3403,75
3404,75
3405,75
3407,75
3408,75
3410,75
3411,75
3413,75
3414,75
3416,75
3417,76
3419,76
3420,76
3421,76
3423,76
3425,76
3426,76
3427,76
3429,76
3430,76
3432,76
3433,76
3434,76
3436,76
3437,76
3439,76
3440,76
3442,76
3443,76
3444,76
3446,76
3447,76
3449,76
3450,76
3452,76
3453,76
3454,76
3456,76
3457,76
3459,76
3460,76
3462,76
3463,76
3464,76
3466,76
3467,76
3469,76
3470,76
3472,76
3473,76
3475,76
3476,76
3477,76
3479,76
3480,76
3482,76
3483,76
3485,76
3486,76
3487,76
3489,76
3490,76
3492,76
3493,76
3494,76
3496,76
3497,76
3499,76
3500,76
3501,76
3503,76
3504,76
3506,76
3507,76
3508,76
3510,76
3511,76
3513,76
3514,76
3515,76
3517,76
3518,76
3520,76
3521,76
3523,76
3524,76
3526,76
3527,76
3529,76
3530,76
3531,76
3533,76
3534,76
3536,76
3537,76
3539,76
3540,76
3542,76
3543,76
3544,76
3546,76
3547,76
3549,76
3550,76
3551,76
3553,76
3554,76
3556,76
3557,76
3559,76
3560,76
3562,76
3563,76
3564,76
3566,76
3567,76
3569,76
3570,76
3572,76
3573,76
3574,76
3576,76
3577,76
3579,76
3580,76
3581,76
3583,76
3584,76
3586,76
3587,76
3588,76
3590,76
3591,76
3593,76
3594,76
3596,76
3597,76
3599,76
3600,76
3601,76
3603,76
3604,76
3605,76
3607,76
3608,76
3610,76
3611,76
3612,76
3614,76
3615,75
3617,75
3618,75
3619,75
3621,75
3622,75
3624,75
3625,75
3626,75
3628,75
3629,75
3631,75
3632,75
3634,75
3635,75
3636,75
3638,75
3640,75
3641,75
3642,75
3644,75
3645,75
3646,75
3648,75
3649,75
3651,75
3652,75
3653,75
3655,75
3656,75
3658,75
3659,75
3660,75
3662,75
3663,75
3665,75
3666,75
3667,75
3669,75
3670,75
3672,75
3673,75
3674,75
3676,75
3677,75
3679,75
3680,75
3682,75
3683,75
3685,75
3686,75
3688,75
3689,75
3690,75
3692,75
3693,75
3695,75
3696,75
3697,75
3699,75
3700,75
3702,75
3703,75
3705,75
3706,75
3708,75
3709,75
3710,75
3712,75
3713,75
3715,75
3716,75
3718,75
3719,75
3721,75
3722,75
3723,75
3725,75
3726,75
3728,75
3729,75
3731,75
3732,75
3734,75
3735,75
3737,75
3738,75
3739,75
3741,75
3742,75
3744,75
3745,75
3748,75
3750,75
3751,75
3752,75
3754,75
3755,74
3757,74
3758,74
3760,74
3761,74
3762,74
3764,74
3765,74
3767,74
3768,74
3770,74
3771,74
3773,74
3774,74
3776,74
3777,74
3779,74
3780,74
3782,74
3783,74
3784,74
3786,74
3787,74
3789,74
3790,74
3792,74
3793,74
3794,74
3796,74
3797,74
3798,74
3800,74
3801,74
3803,74
3804,74
3805,73
3807,74
3808,74
3810,74
3811,74
3813,74
3814,74
3815,74
3817,74
3818,74
3820,74
3821,74
3822,74
3824,74
3825,74
3827,74
3828,74
3829,74
3831,74
3832,74
3834,74
3835,74
3836,74
3838,74
3839,74
3840,74
3842,74
3843,74
3845,74
3846,74
3848,74
3849,74
3850,74
3852,74
3853,74
3854,74
3856,74
3857,74
3859,74
3860,74
3861,74
3863,74
3864,74
3866,74
3867,74
3868,74
3870,74
3871,74
3873,74
3874,74
3875,74
3877,74
3878,74
3880,74
3881,74
3883,74
3884,74
3885,74
3887,74
3888,74
3889,74
3891,74
3892,74
3893,74
3895,74
3896,74
3898,74
3899,74
3901,74
3902,74
3903,74
3905,74
3906,74
3908,74
3909,74
3911,74
3912,74
3913,74
3915,74
3916,74
3918,74
3919,74
3921,74
3922,74
3923,74
3925,74
3926,74
3928,74
3929,74
3931,74
3932,74
3933,74
3935,74
3936,74
3938,74
3939,74
3941,74
3942,74
3943,74
3945,74
3946,74
3948,74
3949,74
3950,74
3952,74
3953,73
3955,73
3956,73
3958,73
3959,73
3960,73
3962,73
3963,73
3964,73
3966,73
3967,73
3969,73
3970,73
3971,73
3973,73
3975,73
3976,73
3978,73
3979,73
3981,73
3982,73
3983,73
3985,73
3986,73
3988,73
3989,73
3991,73
3992,73
3993,73
3995,73
3996,73
3998,73
3999,73
4001,73
4002,73
4003,73
4005,73
4006,73
4008,73
4009,73
4011,73
4012,73
4014,73
4015,73
4017,73
4018,73
4020,73
4021,73
4022,73
4024,73
4026,73
4027,73
4028,73
4030,73
4032,73
4033,73
4035,73
4036,73
4037,73
4039,73
4041,73
4043,73
4046,73
4048,73
4049,73
4052,73
4054,73
4057,73
4059,73
4062,73
4065,73
4067,73
4070,73
4072,73
4074,73
4076,73
4078,73
4080,73
4082,73
4085,72
4087,72
4088,72
4090,72
4092,72
4094,72
4096,72
4099,72
4101,72
4103,72
4105,72
4107,72
4110,72
4112,72
4114,72
4116,72
4118,72
4121,72
4123,72
4125,72
4127,72
4129,72
4131,72
4134,72
4136,72
4138,72
4139,72
4141,72
4143,72
4145,72
4148,72
4150,72
4152,72
4154,72
4156,72
4157,72
4159,72
4160,72
4162,72
4163,72
4165,72
4166,72
4167,72
4169,72
4170,72
4172,72
4173,72
4175,72
4176,72
4178,72
4179,72
4181,72
4182,72
4184,72
4185,72
4186,72
4188,72
4189,72
4191,72
4192,72
4194,72
4195,72
4197,72
4198,72
4200,72
4201,72
4202,72
4204,72
4205,72
4207,72
4208,72
4209,72
4211,72
4212,72
4213,72
4215,72
4216,72
4218,72
4219,72
4220,72
4222,72
4223,72
4224,72
4226,72
4227,72
4229,72
4230,72
4232,72
4233,72
4235,72
4236,72
4237,72
4239,72
4240,72
4242,72
4243,72
4245,72
4246,72
4247,72
4249,72
4250,72
4252,72
4253,72
4255,72
4256,72
4257,72
4259,72
4260,72
4262,72
4263,72
4265,72
4266,72
4268,72
4269,72
4270,72
4272,72
4273,72
4275,72
4276,72
4277,72
4279,72
4280,72
4282,72
4283,72
4285,72
4286,72
4288,72
4289,72
4290,72
4292,72
4293,72
4295,72
4296,72
4298,71
4299,71
4301,71
4302,71
4303,71
4305,71
4306,71
4308,71
4309,71
4311,71
4312,71
4314,71
4315,71
4317,71
4318,71
4319,71
4321,71
4322,71
4324,71
4325,71
4327,71
4328,71
4330,71
4331,71
4333,71
4335,71
4336,71
4337,71
4339,71
4340,71
4342,71
4343,71
4344,71
4346,71
4347,71
4349,71
4350,71
4352,71
4353,71
4355,71
4356,71
4358,71
4359,71
4361,71
4362,71
4363,71
4365,71
4366,71
4368,71
4369,71
4371,71
4372,71
4373,71
4375,71
4376,71
4377,71
4379,71
4380,71
4381,71
4383,71
4384,71
4386,71
4387,71
4389,71
4390,71
4391,71
4393,71
4394,71
4396,71
4397,71
4398,71
4400,71
4401,71
4403,71
4404,71
4406,71
4407,71
4409,71
4410,69
4411,69
4413,69
4414,69
4416,69
4417,69
4419,69
4420,69
4422,69
4423,69
4425,69
4426,69
4427,69
4429,69
4430,69
4432,69
4433,69
4435,69
4436,69
4438,69
4439,69
4441,69
4442,69
4444,69
4445,69
4446,69
4448,69
4449,69
4451,69
4452,69
4453,69
4455,69
4456,69
4458,69
4459,69
4461,69
4462,69
4464,69
4466,69
4467,69
4469,69
4470,69
4472,69
4473,69
4475,69
4476,69
4478,69
4479,69
4480,69
4482,69
4483,69
4485,69
4486,69
4488,69
4489,69
4491,69
4492,69
4493,69
4495,69
4496,69
4498,69
4499,69
4500,69
4502,69
4503,69
4505,69
4506,69
4508,69
4509,69
4510,69
4512,69
4513,69
4515,69
4516,69
4518,69
4519,69
4521,69
4522,69
4524,69
4525,69
4526,69
4528,69
4529,69
4531,69
4532,69
4533,69
4535,69
4536,69
4538,69
4539,69
4540,69
4542,69
4543,69
4545,69
4546,69
4548,68
4549,68
4551,68
4552,68
4553,68
4555,68
4556,68
4558,68
4559,68
4560,68
4562,68
4563,68
4565,68
4566,68
4568,68
4569,68
4570,68
4572,68
4573,68
4575,68
4576,68
4577,68
4579,68
4580,68
4582,68
4583,67
4585,67
4586,67
4588,67
4589,67
4590,67
4592,67
4593,67
4595,67
4596,67
4598,67
4599,67
4601,67
4602,67
4603,67
4605,67
4606,67
4608,67
4609,67
4611,67
4612,67
4614,67
4615,67
4617,67
4618,67
4620,67
4621,67
4623,67
4624,67
4626,67
4627,67
4629,67
4630,67
4632,67
4633,67
4635,67
4636,67
4638,67
4639,67
4641,67
4642,67
4644,67
4645,67
4647,67
4648,67
4650,67
4651,67
4653,67
4654,67
4656,67
4657,67
4659,67
4660,67
4662,67
4663,67
4665,67
4667,67
4668,67
4669,67
4671,67
4672,67
4674,67
4675,67
4677,67
4678,67
4680,67
4681,67
4683,66
4684,66
4686,66
4687,66
4689,66
4690,66
4692,66
4693,66
4695,66
4696,66
4698,66
4699,66
4701,66
4702,66
4704,66
4705,66
4707,66
4708,66
4710,66
4711,66
4713,66
4714,66
4716,66
4717,66
4719,65
4721,65
4722,65
4724,65
4725,65
4727,65
4728,65
4730,65
4731,65
4733,65
4734,65
4736,65
4737,65
4739,65
4740,65
4742,65
4743,65
4745,65
4746,65
4748,65
4749,65
4751,65
4753,65
4755,65
4756,65
4758,65
4760,65
4761,65
4763,65
4764,65
4765,64
4767,64
4768,64
4770,64
4771,64
4773,64
4774,64
4776,64
4777,64
4779,64
4780,64
4782,64
4783,64
4785,64
4786,64
4788,64
4789,64
4791,64
4792,64
4793,64
4795,64
4796,64
4798,64
4799,64
4801,64
4802,64
4804,64
4805,64
4807,64
4808,64
4810,64
4811,64
4812,64
4814,64
4815,64
4817,64
4818,64
4820,64
4821,64
4823,64
4824,64
4826,64
4827,64
4829,64
4830,64
4831,64
4833,64
4834,64
4836,64
4837,64
4839,64
4840,64
4842,64
4843,64
4845,64
4846,64
4848,64
4849,64
4850,64
4852,64
4853,64
4855,64
4856,64
4858,64
4859,64
4861,64
4862,64
4864,64
4866,64
4869,64
4871,64
4874,64
4875,64
4877,64
4878,64
4880,64
4881,64
4883,64
4884,64
4885,64
4887,64
4888,64
4890,64
4891,64
4893,64
4894,64
4896,63
4897,63
4898,63
4900,63
4901,63
4903,63
4904,63
4906,63
4907,63
4909,63
4910,63
4912,63
4913,63
4915,63
4916,63
4917,63
4919,63
4920,63
4922,63
4923,63
4925,63
4926,63
4928,63
4929,63
4931,63
4932,63
4933,63
4935,63
4936,63
4938,63
4939,63
4941,63
4942,63
4944,63
4945,63
4947,63
4948,64
4950,63
4951,63
4952,63
4954,63
4955,63
4957,63
4958,63
4960,63
4961,63
4963,63
4964,63
4966,63
4967,63
4969,63
4970,63
4971,63
4973,63
4974,63
4976,63
4977,63
4979,63
4980,63
4982,63
4983,63
4985,63
4986,63
4988,62
4990,62
4991,62
4993,62
4994,62
4996,62
4997,62
4998,62
5000,62
5001,62
5003,62
5004,62
5006,62
5007,62
5009,62
5010,62
5012,62
5013,62
5015,62
5016,62
5017,62
5019,62
5020,62
5022,62
5023,62
5025,62
5026,62
5027,62
5029,62
5030,62
5032,62
5033,62
5035,62
5036,62
5037,62
5039,61
5040,61
5042,61
5043,61
5045,61
5046,61
5048,61
5049,61
5051,61
5052,61
5054,61
5055,61
5056,61
5058,61
5059,61
5061,61
5062,61
5064,61
5065,61
5067,61
5068,61
5070,59
5071,59
5073,59
5074,59
5076,59
5077,59
5079,59
5080,59
5081,59
5083,59
5084,59
5086,59
5087,59
5089,59
5090,59
5091,59
5093,59
5094,59
5096,59
5097,59
5099,59
5100,59
5102,59
5103,59
5104,59
5106,59
5107,59
5109,59
5111,59
5112,59
5113,59
5115,59
5116,58
5118,58
5119,58
5121,58
5122,58
5124,58
5125,58
5127,58
5128,58
5129,58
5131,58
5132,58
5133,58
5135,58
5136,58
5138,58
5139,58
5141,58
5142,58
5144,58
5145,58
5147,58
5148,58
5149,58
5151,58
5152,58
5154,58
5155,58
5157,58
5158,58
5160,58
5161,58
5163,58
5164,58
5166,58
5167,58
5169,58
5170,58
5172,58
5173,58
5175,58
5176,58
5178,58
5179,58
5181,58
5182,58
5185,58
5186,57
5188,57
5190,57
5191,57
5193,57
5194,57
5195,57
5197,57
5199,57
5200,57
5202,57
5203,57
5205,57
5206,57
5208,57
5209,57
5211,57
5212,57
5214,57
5215,57
5217,57
5218,57
5220,57
5221,57
5222,57
5224,57
5227,57
5230,57
5231,57
5233,57
5236,57
5237,57
5240,57
5242,57
5244,57
5246,55
5247,55
5249,55
5250,55
5252,55
5253,55
5255,55
5256,55
5258,55
5259,55
5261,55
5262,55
5263,55
5265,55
5266,55
5268,55
5269,55
5271,55
5272,55
5274,55
5275,55
5277,55
5278,55
5280,55
5281,55
5283,55
5284,55
5286,55
5287,55
5288,55
5291,55
5294,55
5296,54
5298,54
5299,54
5301,54
5302,54
5304,54
5305,54
5307,54
5308,54
5310,54
5311,54
5313,54
5314,54
5316,54
5317,54
5319,54
5320,54
5321,54
5323,54
5324,54
5326,54
5327,54
5329,54
5330,54
5332,54
5333,54
5335,54
5336,54
5338,54
5339,54
5341,54
5342,54
5344,54
5345,54
5347,54
5348,54
5349,54
5351,54
5352,54
5354,54
5355,54
5358,54
5359,54
5361,54
5362,54
5363,54
5365,54
5366,54
5368,54
5369,54
5371,54
5372,54
5374,54
5375,54
5377,54
5378,54
5380,54
5381,54
5383,54
5384,54
5385,54
5387,54
5388,54
5390,54
5391,54
5393,54
5394,54
5396,54
5397,54
5399,54
5400,54
5401,54
5403,54
5406,54
5407,55
5409,55
5410,55
5412,55
5413,55
5415,55
5416,55
5417,55
5419,55
5420,55
5422,55
5423,55
5425,56
5426,56
5428,56
5429,56
5431,56
5432,57
5434,58
5435,58
5437,58
5439,59
5440,59
5442,59
5443,59
5445,59
5446,59
5447,59
5449,59
5450,60
5452,62
5454,62
5455,61
5457,61
5458,61
5460,61
5461,61
5463,61
5465,61
5466,61
5467,61
5469,61
5471,61
5472,61
5473,61
5475,61
5476,61
5478,61
5479,61
5481,61
5482,61
5484,61
5485,61
5487,61
5488,61
5490,61
5492,61
5493,61
5495,61
5496,61
5498,61
5499,61
5501,61
5502,61
5504,61
5505,61
5507,61
5508,61
5510,61
5511,61
5513,61
5514,61
5516,60
5517,60
5519,60
5520,60
5522,60
5523,60
5524,60
5526,60
5527,60
5529,60
5530,60
5532,60
5533,60
5535,60
5536,60
5538,60
5539,60
5540,60
5542,60
5543,60
5545,60
5546,60
5548,60
5550,60
5551,60
5553,60
5554,61
5556,61
5557,61
5559,61
5561,61
5562,62
5564,62
5565,62
5567,62
5568,62
5570,62
5571,62
5573,62
5574,62
5576,62
5578,62
5579,62
5580,62
5582,62
5584,64
5585,64
5587,64
5588,66
5590,66
5591,66
5593,67
5594,67
5596,67
5597,68
5599,68
5600,68
5602,68
5604,69
5605,70
5607,70
5608,70
5610,70
5611,70
5613,70
5614,70
5616,71
5618,71
5619,71
5621,71
5622,71
5624,71
5625,71
5627,71
5629,71
5630,71
5632,71
5633,71
5635,71
5636,71
5638,71
5639,71
5641,71
5642,71
5644,71
5645,71
5647,71
5648,72
5650,72
5651,72
5653,72
5654,72
5655,72
5657,72
5658,72
5660,72
5661,72
5663,72
5664,72
5666,74
5667,74
5669,74
5670,75
5672,76
5673,76
5675,75
5676,75
5678,75
5680,75
5681,75
5683,75
5684,75
5686,75
5687,75
5689,75
5691,75
5692,75
5694,75
5695,75
5697,75
5698,75
5700,75
5701,75
5703,75
5704,75
5706,75
5707,75
5709,75
5710,75
5712,75
5713,75
5715,75
5716,75
5718,75
5719,75
5721,75
5722,75
5724,75
5725,75
5727,75
5728,75
5730,75
5731,75
5733,75
5734,75
5736,75
5737,75
5739,75
5741,75
5742,74
5744,74
5745,74
5747,74
5748,74
5750,74
5751,74
5753,74
5754,74
5756,74
5757,74
5759,74
5760,74
5762,74
5763,74
5765,74
5766,74
5768,74
5769,74
5771,74
5772,74
5774,74
5775,74
5777,74
5778,74
5780,74
5781,74
5783,74
5784,74
5786,73
5787,73
5789,73
5790,73
5792,73
5793,72
5795,72
5796,72
5798,72
5799,72
5801,72
5802,72
5804,72
5806,72
5807,72
5809,72
5810,72
5811,72
5813,72
5815,72
5816,72
5818,72
5819,72
5821,72
5822,72
5824,72
5825,72
5827,72
5829,72
5832,72
5834,72
5836,71
5838,71
5841,71
5843,72
5844,72
5846,72
5847,72
5849,72
5850,72
5852,72
5853,72
5855,72
5857,72
5858,72
5859,72
5861,72
5862,72
5864,72
5865,72
5867,72
5868,72
5870,72
5871,72
5873,72
5874,72
5876,72
5877,72
5879,72
5880,72
5882,72
5883,72
